N	QAccuracy	QLoss	CAccuracy	CLoss	Fidelity
1.000000000000000000e+00	3.086458444595336914e-01	2.588681936264038086e+00	1.661458313465118408e-01	3.007436990737915039e+00	6.872060894966125488e-01
2.000000000000000000e+00	5.646874904632568359e-01	1.766792178153991699e+00	3.602083325386047363e-01	2.458288431167602539e+00	8.351755142211914062e-01
3.000000000000000000e+00	6.727083325386047363e-01	1.317419767379760742e+00	4.779166579246520996e-01	2.018731117248535156e+00	8.818432688713073730e-01
4.000000000000000000e+00	7.350000143051147461e-01	1.065031290054321289e+00	5.674999952316284180e-01	1.672186970710754395e+00	9.051403999328613281e-01
5.000000000000000000e+00	7.754166722297668457e-01	9.018039107322692871e-01	6.453124880790710449e-01	1.401187062263488770e+00	9.191445112228393555e-01
6.000000000000000000e+00	8.020833134651184082e-01	7.874299883842468262e-01	6.941666603088378906e-01	1.187883377075195312e+00	9.293837547302246094e-01
7.000000000000000000e+00	8.222916722297668457e-01	6.999636292457580566e-01	7.458333373069763184e-01	1.005228042602539062e+00	9.394897222518920898e-01
8.000000000000000000e+00	8.415625095367431641e-01	6.277320981025695801e-01	7.794791460037231445e-01	8.756820559501647949e-01	9.468966722488403320e-01
9.000000000000000000e+00	8.601041436195373535e-01	5.680183172225952148e-01	8.092708587646484375e-01	7.705234885215759277e-01	9.567497968673706055e-01
1.000000000000000000e+01	8.755208253860473633e-01	5.189352035522460938e-01	8.309375047683715820e-01	6.900121569633483887e-01	9.606329202651977539e-01
1.100000000000000000e+01	8.870833516120910645e-01	4.767416417598724365e-01	8.496875166893005371e-01	6.240767836570739746e-01	9.669890403747558594e-01
1.200000000000000000e+01	8.974999785423278809e-01	4.378895163536071777e-01	8.612499833106994629e-01	5.672373175621032715e-01	9.698202610015869141e-01
1.300000000000000000e+01	9.049999713897705078e-01	4.081782996654510498e-01	8.728125095367431641e-01	5.204706192016601562e-01	9.722815155982971191e-01
1.400000000000000000e+01	9.118750095367431641e-01	3.788726031780242920e-01	8.861458301544189453e-01	4.819414317607879639e-01	9.752840995788574219e-01
1.500000000000000000e+01	9.180208444595336914e-01	3.543817400932312012e-01	8.923958539962768555e-01	4.495218992233276367e-01	9.774951338768005371e-01
1.600000000000000000e+01	9.278125166893005371e-01	3.283018171787261963e-01	9.013541936874389648e-01	4.186692535877227783e-01	9.794157743453979492e-01
1.700000000000000000e+01	9.296875000000000000e-01	3.076183199882507324e-01	9.079166650772094727e-01	3.891091644763946533e-01	9.799922704696655273e-01
1.800000000000000000e+01	9.348958134651184082e-01	2.890951037406921387e-01	9.118750095367431641e-01	3.630461096763610840e-01	9.825391769409179688e-01
1.900000000000000000e+01	9.389583468437194824e-01	2.724680304527282715e-01	9.194791913032531738e-01	3.399859070777893066e-01	9.836101531982421875e-01
2.000000000000000000e+01	9.415624737739562988e-01	2.576545476913452148e-01	9.252083301544189453e-01	3.187154531478881836e-01	9.843208789825439453e-01
2.100000000000000000e+01	9.482291936874389648e-01	2.396094501018524170e-01	9.262499809265136719e-01	3.032948672771453857e-01	9.857097268104553223e-01
2.200000000000000000e+01	9.481250047683715820e-01	2.284557372331619263e-01	9.315624833106994629e-01	2.843860983848571777e-01	9.860814213752746582e-01
2.300000000000000000e+01	9.537500143051147461e-01	2.141267359256744385e-01	9.373958110809326172e-01	2.664672136306762695e-01	9.873567819595336914e-01
2.400000000000000000e+01	9.548958539962768555e-01	2.039731293916702271e-01	9.383333325386047363e-01	2.549214959144592285e-01	9.883391261100769043e-01
2.500000000000000000e+01	9.577083587646484375e-01	1.920363008975982666e-01	9.466666579246520996e-01	2.376577556133270264e-01	9.889035224914550781e-01
2.600000000000000000e+01	9.617708325386047363e-01	1.813040822744369507e-01	9.470833539962768555e-01	2.262923121452331543e-01	9.898565411567687988e-01
2.700000000000000000e+01	9.635416865348815918e-01	1.717137098312377930e-01	9.503124952316284180e-01	2.135843932628631592e-01	9.909218549728393555e-01
2.800000000000000000e+01	9.651041626930236816e-01	1.630946844816207886e-01	9.518749713897705078e-01	2.027844190597534180e-01	9.910530447959899902e-01
2.900000000000000000e+01	9.673958420753479004e-01	1.561978757381439209e-01	9.568750262260437012e-01	1.903299391269683838e-01	9.917368292808532715e-01
3.000000000000000000e+01	9.685416817665100098e-01	1.462694853544235229e-01	9.585416913032531738e-01	1.820913255214691162e-01	9.921612739562988281e-01
3.100000000000000000e+01	9.709374904632568359e-01	1.401489526033401489e-01	9.624999761581420898e-01	1.711649298667907715e-01	9.924040436744689941e-01
3.200000000000000000e+01	9.735416769981384277e-01	1.322889626026153564e-01	9.605208039283752441e-01	1.663818806409835815e-01	9.928241968154907227e-01
3.300000000000000000e+01	9.740625023841857910e-01	1.256391555070877075e-01	9.643750190734863281e-01	1.553631424903869629e-01	9.936707615852355957e-01
3.400000000000000000e+01	9.748958349227905273e-01	1.197020485997200012e-01	9.691666960716247559e-01	1.455795317888259888e-01	9.939680695533752441e-01
3.500000000000000000e+01	9.761458039283752441e-01	1.155081465840339661e-01	9.697916507720947266e-01	1.395223885774612427e-01	9.939702153205871582e-01
3.600000000000000000e+01	9.764583110809326172e-01	1.108220890164375305e-01	9.679166674613952637e-01	1.372105479240417480e-01	9.944914579391479492e-01
3.700000000000000000e+01	9.793750047683715820e-01	1.032674387097358704e-01	9.711458086967468262e-01	1.291027665138244629e-01	9.943519234657287598e-01
3.800000000000000000e+01	9.802083373069763184e-01	9.917542338371276855e-02	9.731249809265136719e-01	1.193923726677894592e-01	9.951326251029968262e-01
3.900000000000000000e+01	9.797916412353515625e-01	9.551695734262466431e-02	9.765625000000000000e-01	1.137850284576416016e-01	9.954208135604858398e-01
4.000000000000000000e+01	9.821875095367431641e-01	8.967737853527069092e-02	9.764583110809326172e-01	1.103334277868270874e-01	9.962274432182312012e-01
4.100000000000000000e+01	9.793750047683715820e-01	8.702269941568374634e-02	9.766666889190673828e-01	1.057302504777908325e-01	9.956769943237304688e-01
4.200000000000000000e+01	9.846875071525573730e-01	8.059924095869064331e-02	9.803125262260437012e-01	9.989243000745773315e-02	9.963153004646301270e-01
4.300000000000000000e+01	9.850000143051147461e-01	7.842241227626800537e-02	9.790624976158142090e-01	9.623869508504867554e-02	9.966289401054382324e-01
4.400000000000000000e+01	9.854166507720947266e-01	7.637574523687362671e-02	9.812499880790710449e-01	8.956402540206909180e-02	9.966483712196350098e-01
4.500000000000000000e+01	9.859374761581420898e-01	7.197780907154083252e-02	9.815624952316284180e-01	8.732624351978302002e-02	9.972787499427795410e-01
4.600000000000000000e+01	9.865624904632568359e-01	6.990733742713928223e-02	9.833333492279052734e-01	8.258706331253051758e-02	9.969911575317382812e-01
4.700000000000000000e+01	9.861458539962768555e-01	6.751453131437301636e-02	9.833333492279052734e-01	7.802855968475341797e-02	9.969207644462585449e-01
4.800000000000000000e+01	9.881250262260437012e-01	6.491303443908691406e-02	9.857291579246520996e-01	7.587637007236480713e-02	9.980730414390563965e-01
4.900000000000000000e+01	9.877083301544189453e-01	6.205120682716369629e-02	9.838541746139526367e-01	7.751290500164031982e-02	9.972724318504333496e-01
5.000000000000000000e+01	9.886458516120910645e-01	5.868431180715560913e-02	9.868749976158142090e-01	7.027721405029296875e-02	9.978756904602050781e-01
5.100000000000000000e+01	9.905208349227905273e-01	5.587019026279449463e-02	9.870833158493041992e-01	6.641943752765655518e-02	9.983523488044738770e-01
5.200000000000000000e+01	9.893749952316284180e-01	5.488570407032966614e-02	9.883333444595336914e-01	6.159598752856254578e-02	9.980658888816833496e-01
5.300000000000000000e+01	9.895833134651184082e-01	5.426895245909690857e-02	9.888541698455810547e-01	5.930388718843460083e-02	9.978344440460205078e-01
5.400000000000000000e+01	9.901041388511657715e-01	5.002341419458389282e-02	9.881250262260437012e-01	6.121053546667098999e-02	9.983458518981933594e-01
5.500000000000000000e+01	9.911458492279052734e-01	4.981015622615814209e-02	9.903125166893005371e-01	5.384318530559539795e-02	9.983186721801757812e-01
5.600000000000000000e+01	9.916666746139526367e-01	4.591508954763412476e-02	9.900000095367431641e-01	5.372674763202667236e-02	9.984837770462036133e-01
5.700000000000000000e+01	9.926041960716247559e-01	4.386246204376220703e-02	9.898958206176757812e-01	5.174420028924942017e-02	9.988926053047180176e-01
5.800000000000000000e+01	9.921875000000000000e-01	4.283843189477920532e-02	9.909374713897705078e-01	4.909563437104225159e-02	9.987828731536865234e-01
5.900000000000000000e+01	9.918749928474426270e-01	4.372252151370048523e-02	9.915624856948852539e-01	4.676438495516777039e-02	9.986799955368041992e-01
6.000000000000000000e+01	9.929166436195373535e-01	3.987307101488113403e-02	9.928125143051147461e-01	4.292218387126922607e-02	9.990312457084655762e-01
6.100000000000000000e+01	9.925000071525573730e-01	3.877437487244606018e-02	9.922916889190673828e-01	4.319978877902030945e-02	9.988419413566589355e-01
6.200000000000000000e+01	9.929166436195373535e-01	3.963239863514900208e-02	9.911458492279052734e-01	4.333179071545600891e-02	9.987353682518005371e-01
6.300000000000000000e+01	9.913541674613952637e-01	4.184867069125175476e-02	9.930208325386047363e-01	3.897213190793991089e-02	9.985315203666687012e-01
6.400000000000000000e+01	9.931250214576721191e-01	3.598617017269134521e-02	9.937499761581420898e-01	3.724354133009910583e-02	9.989838600158691406e-01
6.500000000000000000e+01	9.944791793823242188e-01	3.295938670635223389e-02	9.938541650772094727e-01	3.502338379621505737e-02	9.992229938507080078e-01
6.600000000000000000e+01	9.938541650772094727e-01	3.285914286971092224e-02	9.944791793823242188e-01	3.448817133903503418e-02	9.990841746330261230e-01
6.700000000000000000e+01	9.942708611488342285e-01	3.171607851982116699e-02	9.947916865348815918e-01	3.063640557229518890e-02	9.991269111633300781e-01
6.800000000000000000e+01	9.933333396911621094e-01	3.447527065873146057e-02	9.922916889190673828e-01	3.905874118208885193e-02	9.984773993492126465e-01
6.900000000000000000e+01	9.945833086967468262e-01	3.067159652709960938e-02	9.943749904632568359e-01	3.442526236176490784e-02	9.991976022720336914e-01
7.000000000000000000e+01	9.938541650772094727e-01	2.898489311337471008e-02	9.953125119209289551e-01	2.909690886735916138e-02	9.993507862091064453e-01
7.100000000000000000e+01	9.952083230018615723e-01	2.753528021275997162e-02	9.958333373069763184e-01	2.734315209090709686e-02	9.995262622833251953e-01
7.200000000000000000e+01	9.935416579246520996e-01	3.097357414662837982e-02	9.964583516120910645e-01	2.579459920525550842e-02	9.990208148956298828e-01
7.300000000000000000e+01	9.953125119209289551e-01	2.635857090353965759e-02	9.944791793823242188e-01	2.722178213298320770e-02	9.993360638618469238e-01
7.400000000000000000e+01	9.962499737739562988e-01	2.534553222358226776e-02	9.952083230018615723e-01	2.949159592390060425e-02	9.993458986282348633e-01
7.500000000000000000e+01	9.959375262260437012e-01	2.464434690773487091e-02	9.965624809265136719e-01	2.335621230304241180e-02	9.996135234832763672e-01
7.600000000000000000e+01	9.923958182334899902e-01	3.756076097488403320e-02	9.941666722297668457e-01	2.726683020591735840e-02	9.983327984809875488e-01
7.700000000000000000e+01	9.959375262260437012e-01	2.316418848931789398e-02	9.975000023841857910e-01	2.074295654892921448e-02	9.993728399276733398e-01
7.800000000000000000e+01	9.963541626930236816e-01	2.214185148477554321e-02	9.971874952316284180e-01	2.005403116345405579e-02	9.994667768478393555e-01
7.900000000000000000e+01	9.959375262260437012e-01	2.207181416451931000e-02	9.981250166893005371e-01	1.954717375338077545e-02	9.994224905967712402e-01
8.000000000000000000e+01	9.958333373069763184e-01	2.121600881218910217e-02	9.944791793823242188e-01	2.505881898105144501e-02	9.994586110115051270e-01
8.100000000000000000e+01	9.967708587646484375e-01	2.096886374056339264e-02	9.970833063125610352e-01	1.907985098659992218e-02	9.996092915534973145e-01
8.200000000000000000e+01	9.967708587646484375e-01	2.023960649967193604e-02	9.978125095367431641e-01	1.826173812150955200e-02	9.996843338012695312e-01
8.300000000000000000e+01	9.954166412353515625e-01	2.591543644666671753e-02	9.956250190734863281e-01	2.283755689859390259e-02	9.989904761314392090e-01
8.400000000000000000e+01	9.948958158493041992e-01	2.513845637440681458e-02	9.970833063125610352e-01	1.942466571927070618e-02	9.989479780197143555e-01
8.500000000000000000e+01	9.970833063125610352e-01	1.825364679098129272e-02	9.984375238418579102e-01	1.549099013209342957e-02	9.997159838676452637e-01
8.600000000000000000e+01	9.978125095367431641e-01	1.819509081542491913e-02	9.979166388511657715e-01	1.676232367753982544e-02	9.996717572212219238e-01
8.700000000000000000e+01	9.970833063125610352e-01	1.699702255427837372e-02	9.985416531562805176e-01	1.438923180103302002e-02	9.996169209480285645e-01
8.800000000000000000e+01	9.973958134651184082e-01	1.834267750382423401e-02	9.984375238418579102e-01	1.426137890666723251e-02	9.996653199195861816e-01
8.900000000000000000e+01	9.971874952316284180e-01	1.657320000231266022e-02	9.986458420753479004e-01	1.345313992351293564e-02	9.995715618133544922e-01
9.000000000000000000e+01	9.978125095367431641e-01	1.635605841875076294e-02	9.984375238418579102e-01	1.290461793541908264e-02	9.996723532676696777e-01
9.100000000000000000e+01	9.981250166893005371e-01	1.593249104917049408e-02	9.964583516120910645e-01	1.842280477285385132e-02	9.997459650039672852e-01
9.200000000000000000e+01	9.975000023841857910e-01	1.572226919233798981e-02	9.942708611488342285e-01	3.000512532889842987e-02	9.996034502983093262e-01
9.300000000000000000e+01	9.972916841506958008e-01	1.534605305641889572e-02	9.985416531562805176e-01	1.277150865644216537e-02	9.994381666183471680e-01
9.400000000000000000e+01	9.959375262260437012e-01	1.856575533747673035e-02	9.988541603088378906e-01	1.152851525694131851e-02	9.991486668586730957e-01
9.500000000000000000e+01	9.980208277702331543e-01	1.490824390202760696e-02	9.993749856948852539e-01	1.081995107233524323e-02	9.996550679206848145e-01
9.600000000000000000e+01	9.975000023841857910e-01	1.476225815713405609e-02	9.991666674613952637e-01	1.132950745522975922e-02	9.997038841247558594e-01
9.700000000000000000e+01	9.980208277702331543e-01	1.366287376731634140e-02	9.992708563804626465e-01	1.039170753210783005e-02	9.997707009315490723e-01
9.800000000000000000e+01	9.983333349227905273e-01	1.331220101565122604e-02	9.987499713897705078e-01	1.097593922168016434e-02	9.997705817222595215e-01
9.900000000000000000e+01	9.979166388511657715e-01	1.325687207281589508e-02	9.983333349227905273e-01	1.254283357411623001e-02	9.996145367622375488e-01
1.000000000000000000e+02	9.980208277702331543e-01	1.282027643173933029e-02	9.981250166893005371e-01	1.329115591943264008e-02	9.997021555900573730e-01
